TM = 1
Rcr = 4.6000e+00
Rca = 3.1000e+00
EtaR = [1.6000000e+01]
ShfR = [9.0000000e-01,1.1312500e+00,1.3625000e+00,1.5937500e+00,1.8250000e+00,2.0562500e+00,2.2875000e+00,2.5187500e+00,2.7500000e+00,2.9812500e+00,3.2125000e+00,3.4437500e+00,3.6750000e+00,3.9062500e+00,4.1375000e+00,4.3687500e+00]
Zeta = [3.2000000e+01]
ShfZ = [1.9634954e-01,5.8904862e-01,9.8174770e-01,1.3744468e+00,1.7671459e+00,2.1598449e+00,2.5525440e+00,2.9452431e+00]
EtaA = [8.0000000e+00]
ShfA = [9.0000000e-01,1.4500000e+00,2.0000000e+00,2.5500000e+00]
Atyp = [H,C,N,O]
