DESC = ANI_NORMAL
TM = 1
CG = 0
RP = 0
AC = 0
Rcr = 5.2000e+00
Rca = 3.5000e+00
EtaR = [6.5700000e+01]
ShfR = [5.0000000e-01,6.4687500e-01,7.9375000e-01,9.4062500e-01,1.0875000e+00,1.2343750e+00,1.3812500e+00,1.5281250e+00,1.6750000e+00,1.8218750e+00,1.9687500e+00,2.1156250e+00,2.2625000e+00,2.4093750e+00,2.5562500e+00,2.7031250e+00,2.8500000e+00,2.9968750e+00,3.1437500e+00,3.2906250e+00,3.4375000e+00,3.5843750e+00,3.7312500e+00,3.8781250e+00,4.0250000e+00,4.1718750e+00,4.3187500e+00,4.4656250e+00,4.6125000e+00,4.7593750e+00,4.9062500e+00,5.0531250e+00]
Zeta = [1.4100000e+01]
ShfZ = [3.9269908e-01,1.1780972e+00,1.9634954e+00,2.7488936e+00]
EtaA = [1.0100000e+01]
ShfA = [5.0000000e-01,8.7500000e-01,1.2500000e+00,1.6250000e+00,2.0000000e+00,2.3750000e+00,2.7500000e+00,3.1250000e+00]
Atyp = [H,C,N,O]
