TM = 1
Rcr = 4.6000e+00
Rca = 3.1000e+00
EtaR = [2.4000000e+01]
ShfR = [1.0000000e+00,1.2250000e+00,1.4500000e+00,1.6750000e+00,1.9000000e+00,2.1250000e+00,2.3500000e+00,2.5750000e+00,2.8000000e+00,3.0250000e+00,3.2500000e+00,3.4750000e+00,3.7000000e+00,3.9250000e+00,4.1500000e+00,4.3750000e+00]
Zeta = [3.2000000e+01]
ShfZ = [1.9634954e-01,5.8904862e-01,9.8174770e-01,1.3744468e+00,1.7671459e+00,2.1598449e+00,2.5525440e+00,2.9452431e+00]
EtaA = [8.0000000e+00]
ShfA = [1.0000000e+00,1.5250000e+00,2.0500000e+00,2.5750000e+00]
Atyp = [H,C,N,O]
