DESC = ANI_NORMAL
TM = 1
CG = 0
RP = 0
AC = 0
Rcr = 5.1000e+00
Rca = 3.5000e+00
EtaR = [1.9700000e+01]
ShfR = [8.0000000e-01,1.0687500e+00,1.3375000e+00,1.6062500e+00,1.8750000e+00,2.1437500e+00,2.4125000e+00,2.6812500e+00,2.9500000e+00,3.2187500e+00,3.4875000e+00,3.7562500e+00,4.0250000e+00,4.2937500e+00,4.5625000e+00,4.8312500e+00]
Zeta = [1.4100000e+01]
ShfZ = [3.9269908e-01,1.1780972e+00,1.9634954e+00,2.7488936e+00]
EtaA = [1.2500000e+01]
ShfA = [8.0000000e-01,1.1375000e+00,1.4750000e+00,1.8125000e+00,2.1500000e+00,2.4875000e+00,2.8250000e+00,3.1625000e+00]
Atyp = [H,C,N,O,S,F,Cl]
